time_s,voltage_V
2147.449,-1.5582171027323637
2147.449001,-0.5345835561325863
2147.4490020000003,-1.5882641325016094
2147.449003,-0.5356182879288043
2147.449004,-0.7688119902780628
2147.449005,-0.011329093544353592
2147.4490060000003,-0.21735293455922786
2147.449007,0.7630528321129713
2147.449008,0.430865171901259
2147.449009,1.2079334569326172
2147.4490100000003,1.185722759587156
2147.449011,1.9339383250384257
2147.449012,1.5465039409971926
2147.449013,2.6114846066920707
2147.4490140000003,2.352464444581379
2147.449015,3.2323873048456444
2147.449016,2.8210471560604686
2147.449017,3.587311938582906
2147.4490180000003,3.4224739401680093
2147.449019,4.084504453323865
2147.44902,3.768329190353191
2147.449021,4.371151998397494
2147.449022,4.1513425269578885
2147.449023,4.813824582455347
2147.449024,4.555606551043986
2147.449025,5.015181517820384
2147.449026,4.822683203822355
2147.449027,5.151148847502682
2147.449028,5.4799508716883985
2147.449029,5.057307174248716
2147.44903,5.614908896039989
2147.449031,5.116621358756196
2147.449032,5.432194652526728
2147.449033,5.187285030141642
2147.449034,5.347090205429501
2147.449035,4.954826761380729
2147.449036,5.045410115968746
2147.449037,5.4398646022538015
2147.449038,5.119340164510669
2147.449039,4.657214847641194
2147.44904,4.806989166840579
2147.449041,4.456532828628414
2147.449042,4.575940371162319
2147.449043,3.9980898846272686
2147.449044,4.194182378909366
2147.449045,3.2917945536211475
2147.449046,3.5749077831951106
2147.449047,2.9462595416573456
2147.449048,2.8981772861665918
2147.4490490000003,2.4157956624982218
2147.44905,2.558706463831983
2147.449051,1.7746894607738684
2147.449052,1.899807066481537
2147.4490530000003,1.1214998065735677
2147.449054,1.1804309948515865
2147.449055,0.6027440058762963
2147.449056,0.6110606840339032
2147.4490570000003,-0.22071150278369056
2147.449058,-0.029677348191784175
2147.449059,-0.8263458650293317
2147.44906,-0.7047907794159556
2147.4490610000003,-1.360136687365741
2147.449062,-1.119589661719775
2147.449063,-2.030213238410247
2147.449064,-1.7174203590262271
2147.449065,-2.5884223912060196
2147.449066,-2.3685145575299744
2147.449067,-3.166627465391698
2147.449068,-2.9773124646121123
2147.449069,-3.6183921834239685
2147.44907,-3.437436741512785
2147.449071,-4.068031868303802
2147.449072,-3.735056341899803
2147.449073,-4.391664758769365
2147.449074,-4.1691628333183495
2147.449075,-4.632988166925859
2147.449076,-4.430044811295359
2147.449077,-5.023750165746198
2147.449078,-4.965112814349933
2147.449079,-4.613012792892457
2147.44908,-5.032073706265116
2147.449081,-4.787674528337728
2147.449082,-4.7747181311865825
2147.449083,-5.184282813751982
2147.449084,-5.042831805926823
2147.449085,-4.6118729724817165
2147.449086,-4.968348896187574
2147.449087,-4.3954584988980425
2147.449088,-4.816187563064889
2147.449089,-4.111511342696083
2147.44909,-4.528372918760766
2147.449091,-3.8868965209342927
2147.4490920000003,-4.022939927617226
2147.449093,-3.284832995252983
2147.449094,-3.6266203881471086
2147.449095,-2.950778309602633
2147.4490960000003,-3.204030840990645
2147.449097,-2.545138857150684
2147.449098,-2.6526641064486736
2147.449099,-1.6652609633612603
2147.4491000000003,-2.030423493903251
2147.449101,-1.0900894445731137
2147.449102,-1.4085714496088437
2147.449103,-0.5734393086374844
2147.4491040000003,-0.7788804451809881
2147.449105,-0.00809960463278541
2147.449106,-0.23183762236559377
2147.449107,0.7912430814296562
2147.4491080000003,0.6192219689293458
2147.449109,1.4362285101643224
2147.44911,1.3427514543797312
2147.449111,2.025472186041383
2147.449112,1.6095457378734004
2147.449113,2.415155266130079
2147.449114,2.417788295375612
2147.449115,3.0517325483969553
2147.449116,2.985168783255986
2147.449117,3.650020993843114
2147.449118,3.425931566400745
2147.449119,4.043556029849509
2147.44912,3.8133772679800786
2147.449121,4.388159199309314
2147.449122,4.272854265385113
2147.449123,4.727217013929301
2147.449124,4.530765774270925
2147.449125,5.103988001313714
2147.449126,4.76647781883184
2147.449127,5.449295383906808
2147.449128,4.991168258355032
2147.449129,5.470550643574894
2147.44913,5.095185636161408
2147.449131,5.60552466775089
2147.449132,5.262232122974121
2147.449133,5.609952314911701
2147.449134,5.48883760223561
2147.449135,4.936487863417883
2147.449136,5.417907599426216
2147.449137,4.816103947116683
2147.449138,5.207612144395719
2147.4491390000003,4.489804350829095
2147.44914,4.826882064738222
2147.449141,4.213960462482399
2147.449142,4.412273080215605
2147.4491430000003,3.7764313593416943
2147.449144,4.152946531711346
2147.449145,3.3387163046022788
2147.449146,3.592503392492277
2147.4491470000003,3.014646537431797
2147.449148,2.994429546964056
2147.449149,2.16557764739998
2147.44915,2.5815985849965384
2147.4491510000003,1.716576233121607
2147.449152,2.0024943857040967
2147.449153,1.153917477410073
2147.449154,1.4614129578170625
2147.449155,0.592310618858096
2147.449156,0.5878683857697043
2147.449157,-0.18205805308670345
2147.449158,0.02217324766085703
2147.449159,-0.8570045863939991
2147.44916,-0.635177761055706
2147.449161,-1.39122304384106
2147.449162,-1.1323893470596993
2147.449163,-2.021543105459405
2147.449164,-1.806709351971004
2147.449165,-2.6058075238341765
2147.449166,-2.5934032583578426
2147.449167,-3.1609962229072983
2147.449168,-2.8373154869804087
2147.449169,-3.7238284146245992
2147.44917,-3.4511978093932854
2147.449171,-3.8697271437105307
2147.449172,-3.870991707963389
2147.449173,-4.409679348269672
2147.449174,-4.205772418969994
2147.449175,-4.79512379799746
2147.449176,-4.485759149209831
2147.449177,-4.9877777798362795
2147.449178,-4.9919262977203545
2147.449179,-4.681354480870996
2147.44918,-4.713423556384602
2147.449181,-5.138208886796249
2147.4491820000003,-5.228395169742055
2147.449183,-4.672507692662071
2147.449184,-4.853255978465593
2147.449185,-4.6003020663476955
2147.4491860000003,-4.421311927021847
2147.449187,-4.863698961061763
2147.449188,-4.5699482048714595
2147.449189,-4.11795146123203
2147.4491900000003,-4.414555240127913
2147.449191,-3.7839951592369907
2147.449192,-3.9285516873150748
2147.449193,-3.3923680577524644
2147.4491940000003,-3.589608916254673
2147.449195,-3.002273162092543
2147.449196,-3.2179519392932625
2147.449197,-2.3565259269778123
2147.4491980000003,-2.626121255081896
2147.449199,-1.833368573561232
2147.4492,-1.92747226533704
2147.449201,-1.420370330294524
2147.449202,-1.5197389394322414
2147.449203,-0.6347250717019518
2147.449204,-0.798807034212422
2147.449205,0.06049706834081855
2147.449206,-0.28210572422453445
2147.449207,0.678360610012666
2147.449208,0.6172875475745399
2147.449209,1.3773511517283683
2147.44921,1.089983339744099
2147.449211,1.768315032114074
2147.449212,1.8791269321087642
2147.449213,2.6351237050691334
2147.449214,2.41508738614166
2147.449215,2.9720827240816994
2147.449216,3.000518646892988
2147.449217,3.622317480058187
2147.449218,3.404344625433852
2147.449219,4.306672831957476
2147.44922,4.005586291256759
2147.449221,4.441546238088379
2147.449222,4.402731685482868
2147.449223,4.9289085998267845
2147.449224,4.399095350592415
2147.449225,5.002366661447565
2147.449226,4.771572684697028
2147.449227,5.468097645466867
2147.449228,5.397731247637513
2147.4492290000003,4.892236024958712
2147.44923,5.2610954086126505
2147.449231,5.211337244365626
2147.449232,5.327358418558931
2147.4492330000003,5.5531454106584475
2147.449234,5.22840186612924
2147.449235,5.370451549502292
2147.449236,5.465646210386231
2147.4492370000003,4.811930029155672
2147.449238,5.22886615805177
2147.449239,4.619205531113797
2147.44924,4.800447130265323
2147.4492410000003,4.432490001389272
2147.449242,4.653393389668784
2147.449243,4.040411098326566
2147.449244,4.022300110128581
2147.449245,3.754312040345267
2147.449246,3.5561878081135623
2147.449247,3.017839014486057
2147.449248,3.2522043646814405
2147.449249,2.4439537046946223
2147.44925,2.604123405731067
2147.449251,1.7344788152538244
2147.449252,2.1061723788364493
2147.449253,1.2518522366507665
2147.449254,1.179537833368415
2147.449255,0.6079862831212941
2147.449256,0.5448780653270177
2147.449257,-0.28577783038902893
2147.449258,0.033344917206849345
2147.449259,-0.9742766822361864
2147.44926,-0.5993271664552751
2147.449261,-1.4096721227807343
2147.449262,-1.1823478895044621
2147.449263,-1.977267266401781
2147.449264,-1.8263151401118503
2147.449265,-2.6506266042409528
2147.449266,-2.400623219308401
2147.449267,-3.096306924049111
2147.449268,-3.03827014323121
2147.449269,-3.767933212838543
2147.44927,-3.4267506380207458
2147.449271,-4.044767744907383
2147.4492720000003,-3.840935400806407
2147.449273,-4.397708980565294
2147.449274,-4.165050358409841
2147.449275,-4.801883665071386
2147.4492760000003,-4.424652898257657
2147.449277,-5.046774552058697
2147.449278,-5.028151244026747
2147.449279,-4.466366718775092
2147.4492800000003,-4.813416885096764
2147.449281,-5.262896664491054
2147.449282,-4.8492306936419025
2147.449283,-5.237297065766473
2147.4492840000003,-5.042944536853742
2147.449285,-4.577587469685531
2147.449286,-5.013204387565776
2147.449287,-4.394975167525663
2147.4492880000003,-4.90188475292718
2147.449289,-4.279041315709747
2147.44929,-4.349232401828617
2147.449291,-3.715420309624816
2147.449292,-3.9378733182468797
2147.449293,-3.3502116511408944
2147.449294,-3.8321963431729276
2147.449295,-3.086281806742607
2147.449296,-3.118784646918219
2147.449297,-2.4064587008097704
2147.449298,-2.5926853120905404
2147.449299,-1.7154687027503184
2147.4493,-2.021933635756966
2147.449301,-1.2460948345469014
2147.449302,-1.5855044953255448
2147.449303,-0.6158925687149128
2147.449304,-0.7763986712147911
2147.449305,0.07370869711706533
2147.449306,-0.2675113215555952
2147.449307,0.6086188974821252
2147.449308,0.3454570928320634
2147.449309,1.3437431285267234
2147.44931,1.1934110378527825
2147.449311,1.7995096172067502
2147.449312,1.78219299290727
2147.449313,2.4597865168603663
2147.449314,2.230888676138944
2147.449315,3.086813981304031
2147.449316,2.9456883154048663
2147.449317,3.5936774956617943
2147.449318,3.429630592522689
2147.4493190000003,4.0416848771019955
2147.44932,3.834246474972204
2147.449321,4.623979644701833
2147.449322,4.222059786606179
2147.4493230000003,4.803444239781728
2147.449324,4.624101336027799
2147.449325,5.242030819711692
2147.449326,4.834643938706284
2147.4493270000003,5.487550667869307
2147.449328,5.064734478348111
2147.449329,5.444334981205039
2147.44933,5.14742701188262
2147.4493310000003,5.602375624860269
2147.449332,5.472694926672883
2147.449333,5.205042610003438
2147.449334,5.368220761760436
2147.449335,5.189803986802666
2147.449336,5.271299524127139
2147.449337,4.973038185095623
2147.449338,5.159424603956946
2147.449339,4.6467717421332795
2147.44934,4.980182366878678
2147.449341,4.422329298041885
2147.449342,4.519373735371402
2147.449343,3.7322504471798505
2147.449344,4.268724374688676
2147.449345,3.3870333601101725
2147.449346,3.6285656793926147
2147.449347,3.043696527709208
2147.449348,3.2934835261426345
2147.449349,2.340752168135817
2147.44935,2.5612085383951353
2147.449351,1.7863122748882705
2147.449352,1.9982628059059313
2147.449353,1.2791134216887945
2147.449354,1.4666596354350803
2147.449355,0.39498474291073754
2147.449356,0.7046028692129017
2147.449357,-0.22009473787176456
2147.449358,-0.10436631864913354
2147.449359,-0.8677505975384645
2147.44936,-0.856616646080906
2147.449361,-1.4402263043338932
2147.4493620000003,-1.18982496782809
2147.449363,-2.211293190191788
2147.449364,-1.7895989797143457
2147.449365,-2.693115411268984
2147.4493660000003,-2.324590775349268
2147.449367,-3.224421401950557
2147.449368,-3.031497735828723
2147.449369,-3.6336694634881077
2147.4493700000003,-3.4902286017416584
2147.449371,-4.049021710109809
2147.449372,-3.7835955473542207
2147.449373,-4.4892524861596295
2147.4493740000003,-4.186612877726269
2147.449375,-4.563581534648168
2147.449376,-4.430936458068569
2147.449377,-5.019674295798741
2147.4493780000003,-4.606030536645031
2147.449379,-5.184381415179095
2147.44938,-4.6793775027329305
2147.449381,-5.047570081157879
2147.449382,-5.160366324368938
2147.449383,-4.753616413643158
2147.449384,-5.136181117819365
2147.449385,-4.602593931648992
2147.449386,-5.030084817693417
2147.449387,-4.431302420364347
2147.449388,-4.793761203465007
2147.449389,-4.027965937640261
2147.44939,-4.4056361329798595
2147.449391,-3.745387028718568
2147.449392,-3.982460516480638
2147.449393,-3.450687540926412
2147.449394,-3.6993570711095867
2147.449395,-2.9378694462984924
2147.449396,-3.2797731498772564
2147.449397,-2.4656967643408843
2147.449398,-2.6538452651387554
2147.449399,-1.8304950639617428
2147.4494,-1.9642888302538124
2147.449401,-1.2265573622255128
2147.449402,-1.534393172914874
2147.449403,-0.7668319947341964
2147.449404,-0.8211916479250275
2147.449405,-0.06057406406470119
2147.449406,-0.12228523207112876
2147.449407,0.5393543937486999
2147.449408,0.4913761548742531
2147.4494090000003,1.3101238668006572
2147.44941,1.1937058835369407
2147.449411,2.020238589767986
2147.449412,1.7907098641214834
2147.4494130000003,2.659660894776558
2147.449414,2.3855493715635863
2147.449415,3.184797771933843
2147.449416,3.010817012548301
2147.4494170000003,3.5862895647234674
2147.449418,3.370498367904186
2147.449419,4.141223384652689
2147.44942,3.939601330573825
2147.4494210000003,4.4092078760303
2147.449422,4.205246895727485
2147.449423,5.0266429356061515
2147.449424,4.513871662387291
2147.449425,5.268891522783833
2147.449426,4.768885644171708
2147.449427,5.466782544576217
2147.449428,4.893458553853915
2147.449429,5.416132476110146
2147.44943,5.140694313197705
2147.449431,5.575465265109518
2147.449432,5.192701632048224
2147.449433,5.546980855358064
2147.449434,5.367987062990778
2147.449435,4.970897856460854
2147.449436,4.9954558097707285
2147.449437,5.43320463071426
2147.449438,5.2248014080092755
2147.449439,4.575713256207049
2147.44944,4.730403100696176
2147.449441,4.366018399971123
2147.449442,4.592853623610479
2147.449443,4.002234133851357
2147.449444,4.171576797227959
2147.449445,3.5889972783494613
2147.449446,3.8099205189187906
2147.449447,2.9177205542382394
2147.449448,3.1773481565861412
2147.449449,2.337308372087857
2147.44945,2.6717888923157935
2147.449451,1.7268189478307292
2147.4494520000003,2.0699695591861866
2147.449453,1.291723333849042
2147.449454,1.3546057722615037
2147.449455,0.603735666095996
2147.4494560000003,0.6149172134289552
2147.449457,-0.2573874023651419
2147.449458,-0.03321987505562642
2147.449459,-0.8123078700949928
2147.4494600000003,-0.6991161453113822
2147.449461,-1.6202774693048856
2147.449462,-1.187879955507518
2147.449463,-1.991753983449484
2147.4494640000003,-2.0016569382892513
2147.449465,-2.5938875435478903
2147.449466,-2.562130947876937
2147.449467,-3.14574023588726
2147.4494680000003,-3.084355153450566
2147.449469,-3.5803462740701937
2147.44947,-3.407569589657902
2147.449471,-3.978974789863107
2147.449472,-3.8118925652966142
2147.449473,-4.409417515338737
2147.449474,-4.173116843481637
2147.449475,-4.829817960390885
2147.449476,-4.424421683218743
2147.449477,-5.024911450009713
2147.449478,-5.068543469620099
2147.449479,-4.59495054966695
2147.44948,-4.810210337412072
2147.449481,-5.239025052941017
2147.449482,-5.002501935043613
2147.449483,-4.526854315985303
2147.449484,-4.982836291559716
2147.449485,-4.566401098400396
2147.449486,-4.946233339747911
2147.449487,-4.383913509480785
2147.449488,-4.615550481357134
2147.449489,-4.1338834837567555
2147.44949,-4.420780855681054
2147.449491,-3.8817849853335966
2147.449492,-4.045991266056
2147.449493,-3.4019663733334333
2147.449494,-3.592257106595068
2147.449495,-3.016372673522866
2147.449496,-3.2394117548551953
2147.449497,-2.5747659748231677
2147.449498,-2.628670598402937
2147.4494990000003,-1.8902695744347338
2147.4495,-1.9566763329306964
2147.449501,-1.1621585708145514
2147.449502,-1.5040159544201506
2147.4495030000003,-0.6148381360492308
2147.449504,-0.8302633242076871
2147.449505,0.005617333155167108
2147.449506,-0.1565968277308752
2147.4495070000003,0.7673516872181649
2147.449508,0.5630379552983535
2147.449509,1.3775776983825434
2147.44951,1.1636893193182483
2147.4495110000003,2.036594263458386
2147.449512,1.7066247476409115
2147.449513,2.6544380096945535
2147.449514,2.4532826234553333
2147.449515,3.2483403483014603
2147.449516,3.0080858239065154
2147.449517,3.5653772130917574
2147.449518,3.3831414089423255
2147.449519,4.222719377499402
2147.44952,3.7436451971934486
2147.449521,4.417630982102154
2147.449522,4.218330102905006
2147.449523,4.770467633483297
2147.449524,4.593882540582238
2147.449525,5.1385413708651635
2147.449526,4.946287072779527
2147.449527,5.385867554701215
2147.449528,4.945296189909256
2147.449529,5.352586695768357
2147.44953,5.110516725119638
2147.449531,5.658482231265271
2147.449532,5.1954584479833095
2147.449533,5.593977757562354
2147.449534,4.9537640480602905
2147.449535,5.366530448413932
2147.449536,5.195008396353049
2147.449537,4.810813855278632
2147.449538,5.251689523901774
2147.449539,4.576759731487504
2147.44954,4.852122407927609
2147.449541,4.383004875779435
2147.4495420000003,4.677462686917241
2147.449543,4.001201274201205
2147.449544,4.2426536984519565
2147.449545,3.397834403087183
2147.4495460000003,3.5579681277430537
2147.449547,3.048543384914996
2147.449548,3.144204634503562
2147.449549,2.4756116885562762
2147.4495500000003,2.663890875940694
2147.449551,1.8261985904664564
2147.449552,2.009519022240076
2147.449553,0.9755732412417728
2147.4495540000003,1.480615244230197
2147.449555,0.4007338217963213
2147.449556,0.7946791348751373
2147.449557,-0.17819040922642526
2147.4495580000003,0.06284529641287481
2147.449559,-0.8278126662318455
2147.44956,-0.630384246730076
2147.449561,-1.6311407973856311
2147.449562,-1.2313175729814472
2147.449563,-2.0109055617786136
2147.449564,-1.814086808214824
2147.449565,-2.629216931437309
2147.449566,-2.5884886635455775
2147.449567,-3.2244568217005636
2147.449568,-3.013632324225741
2147.449569,-3.556120622434068
2147.44957,-3.3869027510606036
2147.449571,-3.9895075956531616
2147.449572,-3.8932019548188554
2147.449573,-4.409067237820644
2147.449574,-4.214448603086872
2147.449575,-4.586807323009908
2147.449576,-4.347393050860503
2147.449577,-5.0114139320812265
2147.449578,-4.64158411584229
2147.449579,-5.061035214907261
2147.44958,-4.775050901140192
2147.449581,-5.154645044493018
2147.449582,-4.7982693220417545
2147.449583,-5.105266173363226
2147.449584,-5.026643747118341
2147.449585,-4.6403323605122235
2147.449586,-5.120217188806256
2147.449587,-4.452536618094814
2147.449588,-4.546201972011649
2147.4495890000003,-4.113536765923108
2147.44959,-4.453989281193635
2147.449591,-3.8209646032480906
2147.449592,-4.009080775838397
2147.4495930000003,-3.3970607108605493
2147.449594,-3.631598281094279
2147.449595,-3.0497809923478543
2147.449596,-3.1817452025744597
2147.4495970000003,-2.442289336045651
2147.449598,-2.580235357581703
2147.449599,-1.8621118048429504
2147.4496,-1.9269380227889912
2147.4496010000003,-1.2315649288230952
2147.449602,-1.4796952023614462
2147.449603,-0.5517334084566954
2147.449604,-0.9888574910863884
2147.449605,-0.006740548058039542
2147.449606,-0.23706827167897396
2147.449607,0.608352471101395
2147.449608,0.516210898425726
2147.449609,1.44340593673896
2147.44961,1.1071658634794181
2147.449611,1.9750003080008482
2147.449612,1.6176221254183323
2147.449613,2.614410759556678
2147.449614,2.5214463040500696
2147.449615,3.2218792734779456
2147.449616,3.0618964602229894
2147.449617,3.582073089799034
2147.449618,3.5932631612469352
2147.449619,4.262533043967859
2147.44962,3.732625100818492
2147.449621,4.367905462165575
2147.449622,4.269461307136622
2147.449623,4.74602728051374
2147.449624,4.609292603666343
2147.449625,5.333956929441094
2147.449626,4.7175141411536465
2147.449627,5.187322068523036
2147.449628,5.199532276193882
2147.449629,5.623766004589321
2147.44963,5.145934961333334
2147.449631,5.619958057063034
2147.4496320000003,5.664613631762298
2147.449633,5.123294160598949
2147.449634,5.65173211560506
2147.449635,5.008525996881286
2147.4496360000003,5.477000541301031
2147.449637,4.982939187311806
2147.449638,5.228877223404201
2147.449639,4.602552158639552
2147.4496400000003,4.871667322059689
2147.449641,4.325716617575318
2147.449642,4.4258697248485275
2147.449643,4.105008319563534
2147.4496440000003,3.9726451433325773
2147.449645,3.5587700926130674
2147.449646,3.8277839874295876
2147.449647,3.085246750573799
2147.4496480000003,3.157437524396089
2147.449649,2.3693943128822044
2147.44965,2.57869106053474
2147.449651,1.7965076737069814
2147.449652,1.9308615611422777
2147.449653,1.1166199840542277
2147.449654,1.3162898155017866
2147.449655,0.6015694758970952
2147.449656,0.6498616501737177
2147.449657,-0.20986462276351953
2147.449658,-0.015045490213665462
2147.449659,-0.7145447003870613
2147.44966,-0.6117967492725122
2147.449661,-1.5505783686586547
2147.449662,-1.3895529308206451
2147.449663,-2.10975310102776
2147.449664,-1.8252421000210088
2147.449665,-2.6574772107322526
2147.449666,-2.349148820904544
2147.449667,-3.174473578830901
2147.449668,-2.9758687741385748
2147.449669,-3.591489341375037
2147.44967,-3.633107867565097
2147.449671,-4.004439593828878
2147.449672,-3.8586632576265214
2147.449673,-4.444799689934041
2147.449674,-4.1818353203989975
2147.449675,-4.842932464756758
2147.449676,-4.445017299997505
2147.449677,-4.918091037313901
2147.449678,-4.641941623701831
2147.4496790000003,-4.991424464039393
2147.44968,-4.780278546612769
2147.449681,-5.151973413339943
2147.449682,-4.816769113797186
2147.4496830000003,-5.28460302459971
2147.449684,-5.059845493748865
2147.449685,-4.547602287338885
2147.449686,-4.7486887152374315
2147.4496870000003,-4.382693332552588
2147.449688,-4.769483363326001
2147.449689,-4.243435448144527
2147.44969,-4.430047970788018
2147.4496910000003,-3.9860302868152573
2147.449692,-4.119426696556121
2147.449693,-3.414596027124686
2147.449694,-3.6029380293199327
2147.449695,-3.044205804023317
2147.449696,-3.1834857952147355
2147.449697,-2.463422313288692
2147.449698,-2.5624953421508856
2147.449699,-1.8673034507165436
2147.4497,-2.0219435910837413
2147.449701,-1.2423706475083198
2147.449702,-1.4192130724239125
2147.449703,-0.6180251491854607
2147.449704,-0.7794566381091466
2147.449705,0.16710639747636077
2147.449706,-0.17496217834258587
2147.449707,0.8363731438598367
2147.449708,0.3427282692799397
2147.449709,1.4607645315441649
2147.44971,1.3040975319802526
2147.449711,2.0945260516109805
2147.449712,1.810911954462382
2147.449713,2.60936950727543
2147.449714,2.4538988866002875
2147.449715,3.2470904745329405
2147.449716,3.0153891683407523
2147.449717,3.6718547899127243
2147.449718,3.406920944394544
2147.449719,4.150810195338677
2147.44972,3.7519899935410304
2147.449721,4.625558064022575
2147.4497220000003,4.187831751801536
2147.449723,4.810051072154709
2147.449724,4.583011630998855
2147.449725,5.26692199982164
2147.4497260000003,4.826527870724828
2147.449727,5.313667216382407
2147.449728,5.0303121877832435
2147.449729,5.411764702654421
2147.4497300000003,5.22176358558661
2147.449731,5.425819103433449
2147.449732,5.128900428330517
2147.449733,5.570679173724684
2147.4497340000003,5.440324544068712
2147.449735,5.069309694919168
2147.449736,5.401922217961447
2147.449737,4.964466251465378
2147.4497380000003,5.111160091160559
2147.449739,4.581675816747333
2147.44974,4.793122217541568
2147.449741,4.080197581195606
2147.449742,4.580269687972625
2147.449743,3.82557154196834
2147.449744,4.286398794731947
2147.449745,3.5769341339383978
2147.449746,3.8089404973865295
2147.449747,2.9675324021944083
2147.449748,3.271462500377431
2147.449749,2.3390651469514747
2147.44975,2.627634138892425
2147.449751,1.8427551879535136
2147.449752,2.0139097844902105
2147.449753,0.9995416766926274
2147.449754,1.2428170178790325
2147.449755,0.4238683266700855
2147.449756,0.6403077250197005
2147.449757,-0.20568620403544963
2147.449758,0.007986948060157574
2147.449759,-0.812591142347027
2147.44976,-0.7963626388202507
2147.449761,-1.6678945768610136
2147.449762,-1.1938096710286592
2147.449763,-2.035313092166115
2147.449764,-1.7592901817470972
2147.449765,-2.656692961556193
2147.449766,-2.3814461235148063
2147.449767,-2.970296109501957
2147.449768,-2.9977113900675776
2147.4497690000003,-3.665899945829888
2147.44977,-3.3816433288153442
2147.449771,-3.898614324387136
2147.449772,-3.78069516374604
2147.4497730000003,-4.3650083801489
2147.449774,-4.259406692076397
2147.449775,-4.790671557861067
2147.449776,-4.319298839364398
2147.4497770000003,-4.7530798277023525
2147.449778,-5.019254953804575
2147.449779,-4.504818553744956
2147.44978,-4.766521262154177
2147.4497810000003,-5.241057325372924
2147.449782,-5.153101366649687
2147.449783,-4.629665171119729
2147.449784,-4.981496531271092
2147.449785,-4.57788387269923
2147.449786,-4.769216843131469
2147.449787,-4.3165125438812515
2147.449788,-4.730925028767286
2147.449789,-4.227135379839918
2147.44979,-4.411352657753305
2147.449791,-3.8308725412754256
2147.449792,-3.978203974676538
2147.449793,-3.4064805322078167
2147.449794,-3.594121312322062
2147.449795,-3.0831564420406146
2147.449796,-3.1327085025411536
2147.449797,-2.3498402764545285
2147.449798,-2.612411426488066
2147.449799,-1.7128965501044422
2147.4498,-2.062534789612673
2147.449801,-1.2007265519547654
2147.449802,-1.5227237382388557
2147.449803,-0.6758260347815849
2147.449804,-0.828832816946503
2147.449805,0.0810536033507085
2147.449806,-0.268921301766804
2147.449807,0.7790152552098846
2147.449808,0.5953047416677221
2147.449809,1.3030690472101847
2147.44981,1.1709095766933715
2147.449811,2.036615946687147
2147.4498120000003,1.8402188323989284
2147.449813,2.631163936019896
2147.449814,2.31948673428168
2147.449815,3.1487154887136826
2147.4498160000003,3.113705989680246
2147.449817,3.5983283190928814
2147.449818,3.4612929899566516
2147.449819,3.972169263772252
2147.4498200000003,3.723881038970962
2147.449821,4.4261880609529936
2147.449822,4.32798026253895
2147.449823,4.850383242285443
2147.4498240000003,4.673617530230247
2147.449825,5.196765224718047
2147.449826,4.953689584145588
2147.449827,5.362571779989957
2147.4498280000003,5.1803107807381386
2147.449829,5.365695178129588
2147.44983,5.199097193574455
2147.449831,5.60845451974477
2147.449832,5.659997403823036
2147.449833,5.239238042195441
2147.449834,5.555616140329304
2147.449835,5.011617081611647
2147.449836,5.414403496508878
2147.449837,5.066766478998194
2147.449838,5.1765070635767865
2147.449839,4.531171332678689
2147.44984,4.761349925184175
2147.449841,4.274123470621025
2147.449842,4.48318638694768
2147.449843,4.013286826258952
2147.449844,4.022805664032196
2147.449845,3.380213192097658
2147.449846,3.5848203659577647
2147.449847,3.000964283410321
2147.449848,3.073251093643205
2147.449849,2.4298025020004115
2147.44985,2.540875911550539
2147.449851,1.7946363369379896
2147.449852,2.0237844466254766
2147.449853,1.2731782143549017
2147.449854,1.3745340165614839
2147.449855,0.6019828523964296
2147.449856,0.8337697996461928
2147.449857,-0.14238665306113601
2147.449858,0.010585853950450442
2147.4498590000003,-0.9471204796918837
2147.44986,-0.5555671535183475
2147.449861,-1.3367008863415786
2147.449862,-1.1962971654904504
2147.4498630000003,-1.971616027062518
2147.449864,-1.7914821711258933
2147.449865,-2.826579838559862
2147.449866,-2.3719560746526374
2147.4498670000003,-3.2346077789876864
2147.449868,-3.035445443410686
2147.449869,-3.632108327720543
2147.44987,-3.422508622948592
2147.4498710000003,-4.097192528476232
2147.449872,-3.893074870909082
2147.449873,-4.385563507585669
2147.449874,-4.1369936836189085
2147.449875,-4.6062622968894535
2147.449876,-4.4933615033506324
2147.449877,-5.00064417936117
2147.449878,-4.629587923443709
2147.449879,-5.043079938405349
2147.44988,-4.856181229847031
2147.449881,-5.203924639209713
2147.449882,-4.75763346869201
2147.449883,-5.09875063149664
2147.449884,-5.069056812017094
2147.449885,-4.58065099455467
2147.449886,-4.9547394641165825
2147.449887,-4.303818084265396
2147.449888,-4.735471882331048
2147.449889,-4.266359623130492
2147.44989,-4.340627717335513
2147.449891,-3.773113650081653
2147.449892,-3.963103874246214
2147.449893,-3.467898003633517
2147.449894,-3.6145834828682886
2147.449895,-2.8621292985249203
2147.449896,-3.1927256365055885
2147.449897,-2.36052928342359
2147.449898,-2.5959234676148744
2147.449899,-1.8244369266344411
2147.4499,-2.0225639925364303
2147.449901,-1.1333801302520166
2147.4499020000003,-1.3799940544434417
2147.449903,-0.7183394290289116
2147.449904,-0.7900338060915886
2147.449905,-0.053988226640292465
2147.4499060000003,-0.24892930018284942
2147.449907,0.6775593844702936
2147.449908,0.40189271264273696
2147.449909,1.1727602296416335
2147.4499100000003,1.1409714958491086
2147.449911,1.9655025682989922
2147.449912,1.7741896419737597
2147.449913,2.657980456914594
2147.4499140000003,2.3816695460139057
2147.449915,3.2322728109729604
2147.449916,2.998485977479702
2147.449917,3.6119760959395744
2147.4499180000003,3.4229684815962846
2147.449919,3.966042808646206
2147.44992,3.971398657440141
2147.449921,4.587184136971272
2147.449922,4.3694872150417705
2147.449923,5.023278751939225
2147.449924,4.556619765359642
2147.449925,5.231426181205314
2147.449926,4.775447162182833
2147.449927,5.35029962842022
2147.449928,5.0134957020392585
2147.449929,5.326281967679892
2147.44993,5.1462995341012725
2147.449931,5.651245434293028
2147.449932,5.402043723798389
2147.449933,4.986448351879706
2147.449934,5.301713394295165
2147.449935,5.182277178597231
2147.449936,5.4247556978195774
2147.449937,5.013386925897991
2147.449938,4.995534191700123
2147.449939,4.473653707866251
2147.44994,4.828422916194628
2147.449941,4.170465061668083
2147.449942,4.589564242583422
2147.449943,3.934236064327619
2147.449944,4.0366350028326625
2147.449945,3.4001498554930145
2147.449946,3.548303299582956
2147.449947,3.055281560959073
2147.449948,3.2572744387490506
2147.4499490000003,2.4163393143917196
2147.44995,2.605644418140901
2147.449951,1.710223461148513
2147.449952,1.9755379982062116
2147.4499530000003,1.275705682345111
2147.449954,1.38132551292233
2147.449955,0.43240492078028653
2147.449956,0.7483962597795842
2147.4499570000003,-0.1833357396088446
2147.449958,-0.034524560303389504
2147.449959,-0.7334854849727716
2147.44996,-0.5309735739588578
2147.4499610000003,-1.4090039965720245
2147.449962,-1.2498015398979208
2147.449963,-2.001351151808703
2147.449964,-1.972781706070876
2147.449965,-2.809208387164082
2147.449966,-2.385152866115916
2147.449967,-3.156081511615365
2147.449968,-2.9945240090433214
2147.449969,-3.6186098838854734
2147.44997,-3.369244224183717
2147.449971,-4.206366431432218
2147.449972,-3.7399108421683085
2147.449973,-4.427862042070058
2147.449974,-4.227990324750766
2147.449975,-4.8416023645471435
2147.449976,-4.380643431661648
2147.449977,-4.922302610928412
2147.449978,-4.633213228614935
2147.449979,-4.922377668552382
2147.44998,-4.850216594639113
2147.449981,-4.927304386608583
2147.449982,-5.049369966490177
2147.449983,-4.846581903192262
2147.449984,-5.243815943299427
2147.449985,-4.563808165073908
2147.449986,-5.006020911012005
2147.449987,-4.4237182614579105
2147.449988,-4.592902611616538
2147.449989,-4.218846370513629
2147.44999,-4.331435049338388
2147.449991,-3.7558462762162796
2147.4499920000003,-3.9905786561417558
2147.449993,-3.4493828677590246
2147.449994,-3.614761120002828
2147.449995,-2.911621877688167
2147.4499960000003,-3.1542590078014876
2147.449997,-2.403484556818232
2147.449998,-2.556416740830996
2147.449999,-2.0561223064537697
2147.4500000000003,-2.0626455491380473
2147.450001,-1.2712749442625995
2147.450002,-1.4372908054702693
2147.450003,-0.6275772932997593
2147.4500040000003,-0.839394111637655
2147.450005,-0.04032821892435281
2147.450006,-0.23769404013941173
2147.450007,0.6621055045420139
2147.4500080000003,0.5648789109570397
2147.450009,1.38256692400796
2147.45001,1.0743272861042164
2147.450011,1.7945575360458057
2147.450012,1.7208530914898703
2147.450013,2.5913678324207075
2147.450014,2.3589549432917196
2147.450015,2.9549411123145597
2147.450016,3.036125426158902
2147.450017,3.7763157212712186
2147.450018,3.40243431124155
2147.450019,4.015306283276322
2147.45002,3.792147083027885
2147.450021,4.672359746859815
2147.450022,4.256935442110084
2147.450023,4.772043203640369
2147.450024,4.610107834423455
2147.450025,5.240573771694761
2147.450026,5.0952185818827145
2147.450027,5.401496133822835
2147.450028,5.3566086574368725
2147.450029,4.985764450119056
2147.45003,5.280044031313852
2147.450031,5.414265283777077
2147.450032,5.21962589504556
2147.450033,5.624032171725051
2147.450034,5.428730276573026
2147.450035,5.037599625417952
2147.450036,5.213371339809309
2147.450037,4.73266815505747
2147.450038,5.123074683313046
2147.4500390000003,4.6023340507547
2147.45004,4.7864681622979575
2147.450041,4.179047285742359
2147.450042,4.406870710490483
2147.4500430000003,3.7789765741990773
2147.450044,4.136343128260162
2147.450045,3.7535910572095204
2147.450046,3.5778677301167465
2147.4500470000003,3.04675859232385
2147.450048,3.1570421054424966
2147.450049,2.426288611015776
2147.45005,2.631882042979063
2147.4500510000003,1.5023093395262197
2147.450052,2.0419010452910027
2147.450053,0.983002909150329
2147.450054,1.3537206469351022
2147.450055,0.37243613648676765
2147.450056,0.785496135410412
2147.450057,-0.22889192012152212
2147.450058,0.054757331521424646
2147.450059,-0.8055683643033825
2147.45006,-0.5547074219507826
2147.450061,-1.4324138670958984
2147.450062,-1.14588689615005
2147.450063,-2.1956275245595642
2147.450064,-1.8726466652518827
2147.450065,-2.6095696808315703
2147.450066,-2.6718384332945457
2147.450067,-3.198129209213035
2147.450068,-3.011898282537918
2147.450069,-3.5637446383346387
2147.45007,-3.3320340694281096
2147.450071,-4.141137565305231
2147.450072,-3.8333651528972292
2147.450073,-4.457961756659395
2147.450074,-4.224081373447332
2147.450075,-4.864660067837275
2147.450076,-4.35026323705844
2147.450077,-5.039993913810644
2147.450078,-4.956869945874416
2147.450079,-4.598858560039636
2147.45008,-4.829464013633558
2147.450081,-5.337246196478498
2147.4500820000003,-4.750008271176467
2147.450083,-5.021105196207935
2147.450084,-5.076238293771535
2147.450085,-4.5125938032025035
2147.4500860000003,-4.954729419698943
2147.450087,-4.44550039746712
2147.450088,-4.785150162640216
2147.450089,-4.1767890570057595
2147.4500900000003,-4.441626648440168
2147.450091,-3.810265767068114
2147.450092,-4.0323997598085874
2147.450093,-3.4025772297579455
2147.4500940000003,-3.555291921481615
2147.450095,-2.947101937463315
2147.450096,-3.253767805482257
2147.450097,-2.4477788171222112
2147.4500980000003,-2.637458882799104
2147.450099,-2.00815733023428
2147.4501,-2.0331064862632817
2147.450101,-1.2612766868053362
2147.450102,-1.3444723475450158
2147.450103,-0.6594470812838917
2147.450104,-0.8096210055641107
2147.450105,-0.03253207710198026
2147.450106,-0.14483694123482838
2147.450107,0.862625755358311
2147.450108,0.6357066117728806
2147.450109,1.2115006316342762
2147.45011,0.992198471917523
2147.450111,2.050567660225995
2147.450112,1.74110656205946
2147.450113,2.4156504455632186
2147.450114,2.37787855382815
2147.450115,3.004842718117941
2147.450116,2.9168337609276676
2147.450117,3.665236163209158
2147.450118,3.3508554001210227
2147.450119,4.19028919287768
2147.45012,3.782134956094426
2147.450121,4.648512471793223
2147.450122,4.381361207773684
2147.450123,4.736218743263073
2147.450124,4.549258291085783
2147.450125,5.173666337177694
2147.450126,4.7172060996655265
2147.450127,5.267196447454572
2147.450128,5.274639528601816
2147.4501290000003,5.567289415338782
2147.45013,5.236973128650128
2147.450131,5.5625757426773665
2147.450132,5.366945303836954
2147.4501330000003,5.216757514514261
2147.450134,5.488590857163787
2147.450135,4.956487259389633
2147.450136,5.442488868202516
2147.4501370000003,4.704178718291111
2147.450138,5.102503881059312
2147.450139,4.604600605102243
2147.45014,4.7305742194411895
2147.4501410000003,4.396481603334342
2147.450142,4.400642278276536
2147.450143,3.780159465471331
2147.450144,4.169418020789878
2147.450145,3.371439713400828
2147.450146,3.5915302612439564
2147.450147,3.135802913336817
2147.450148,3.206943221333267
2147.450149,2.3934499468156596
2147.45015,2.6224816016808385
2147.450151,1.8124778441154663
2147.450152,1.993818603772289
2147.450153,1.289075806221146
2147.450154,1.4233813234391157
2147.450155,0.4095942497128071
2147.450156,0.799000508736043
2147.450157,-0.12877501960116852
2147.450158,0.04120652310459821
2147.450159,-0.8071287787930773
2147.45016,-0.5716979248009155
2147.450161,-1.579013912636396
2147.450162,-1.2141134103782814
2147.450163,-2.056810616315838
2147.450164,-1.749223287761621
2147.450165,-2.7463735648519987
2147.450166,-2.395484518930049
2147.450167,-3.2198386152687664
2147.450168,-2.9825676333557154
2147.450169,-3.5803729426172497
2147.45017,-3.332456185886921
2147.450171,-3.905538785375131
2147.4501720000003,-3.7735836203377535
2147.450173,-4.35170183090418
2147.450174,-4.208040603717473
2147.450175,-4.581710480184834
2147.4501760000003,-4.4253781194237085
2147.450177,-4.957266160690028
2147.450178,-4.6371234354663695
2147.450179,-5.015475163390808
2147.4501800000003,-4.735358863265386
2147.450181,-5.176267998503635
2147.450182,-5.056096300238229
2147.450183,-4.615686710447611
2147.4501840000003,-4.999545138006813
2147.450185,-4.585387503065155
2147.450186,-4.952171012644766
2147.450187,-4.407431512981306
2147.4501880000003,-4.609487905441909
2147.450189,-4.137971275755605
2147.45019,-4.470497670923968
2147.450191,-3.824504210903444
2147.450192,-4.038006975712644
2147.450193,-3.4147727436876916
2147.450194,-3.6021882176300086
2147.450195,-2.9664116365491493
2147.450196,-3.133188013041141
2147.450197,-2.3439347354898175
2147.450198,-2.631712792102504
2147.450199,-1.7932450809350649
2147.4502,-2.0058529050850673
2147.450201,-1.24909646223284
2147.450202,-1.4541932474697807
2147.450203,-0.6376647697763902
2147.450204,-0.7867235203212259
2147.450205,0.03379618922215805
2147.450206,-0.17589622789409337
2147.450207,0.7678334283206217
2147.450208,0.6313877715434755
2147.450209,1.4016758325880536
2147.45021,1.2573672274488057
2147.450211,1.9730626763654908
2147.450212,1.7982253188763548
2147.450213,2.5220175676683194
2147.450214,2.4061453026710047
2147.450215,3.1783545961496933
2147.450216,3.0120120215922737
2147.450217,3.6816538829183214
2147.450218,3.4265174776479856
2147.4502190000003,4.0157097139235205
2147.45022,3.815790361339555
2147.450221,4.505108339211374
2147.450222,4.3418830662758445
2147.4502230000003,4.6720117055414105
2147.450224,4.689940948801368
2147.450225,4.971449707324627
2147.450226,4.825139850878662
2147.4502270000003,5.409815709961864
2147.450228,4.988562224730953
2147.450229,5.428019236890194
2147.45023,5.157031467766616
2147.4502310000003,5.627080527182713
2147.450232,5.218444247311341
2147.450233,5.552689433893183
2147.450234,5.383432214973653
2147.450235,5.012150984192873
2147.450236,5.243972663957802
2147.450237,4.750952214875148
2147.450238,5.249235101454277
2147.450239,4.632499558887284
2147.45024,4.760910434464709
2147.450241,4.21587019499321
2147.450242,4.6931494364167685
2147.450243,3.793174750780199
2147.450244,3.9334752003922504
2147.450245,3.4261457821484482
2147.450246,3.535818076902868
2147.450247,3.075544581492032
2147.450248,3.0188100292213282
2147.450249,2.4279623103789234
2147.45025,2.4008857188045964
2147.450251,1.6295073865462233
2147.450252,2.0399130298727823
2147.450253,1.2223221731015628
2147.450254,1.3948682559060017
2147.450255,0.5231052633177082
2147.450256,0.8115723599669306
2147.450257,-0.20328179926533244
2147.450258,-0.048876815250439284
2147.450259,-0.814432234640769
2147.45026,-0.8406012201917196
2147.450261,-1.3881368350979801
2147.4502620000003,-1.1839526143767782
2147.450263,-2.073154336671657
2147.450264,-1.9584892256581021
2147.450265,-2.648342370307208
2147.4502660000003,-2.5733371427660465
2147.450267,-3.2435098380819274
2147.450268,-3.045309681896047
2147.450269,-3.6206678043211933
2147.4502700000003,-3.3814766596833192
2147.450271,-4.050253714396133
2147.450272,-3.7387650229871805
2147.450273,-4.374518734235083
2147.4502740000003,-4.323646215684563
2147.450275,-4.682113838025275
2147.450276,-4.3680931501172475
2147.450277,-5.0789958921008065
2147.4502780000003,-4.604905416625466
2147.450279,-5.249952441028831
2147.45028,-4.765723280679194
2147.450281,-5.260138845012389
2147.450282,-5.22021001899762
2147.450283,-4.8451463463898685
2147.450284,-5.220855693868279
2147.450285,-4.559481655678497
2147.450286,-5.066238221805851
2147.450287,-4.425209204104104
2147.450288,-4.767400209432721
2147.450289,-4.188786962758735
2147.45029,-4.4086892939080204
2147.450291,-3.841364077774517
2147.450292,-4.062154667623282
2147.450293,-3.357620206811416
2147.450294,-3.668354960204954
2147.450295,-2.985603216676583
2147.450296,-3.163144505379035
2147.450297,-2.4654132156445407
2147.450298,-2.6496033318672847
2147.450299,-2.0482734822533617
2147.4503,-1.9483036593433998
2147.450301,-1.175650915959816
2147.450302,-1.4337271216759633
2147.450303,-0.6394822562297549
2147.450304,-0.7517371644359958
2147.450305,-0.04768022884620277
2147.450306,-0.26048217009464686
2147.450307,0.5895331037667029
2147.450308,0.33052527005579885
2147.4503090000003,1.2031720104551287
2147.45031,1.2616447776684356
2147.450311,2.051134863258951
2147.450312,1.5873610426531324
2147.4503130000003,2.642453047079667
2147.450314,2.3274375449466946
2147.450315,3.277053100957393
2147.450316,2.95984506913879
2147.4503170000003,3.784363894997818
2147.450318,3.3877830029832436
2147.450319,4.014624100519781
2147.45032,3.763915878343777
2147.4503210000003,4.395440486445355
2147.450322,4.206739769180013
2147.450323,4.898766315564939
2147.450324,4.612279514662822
2147.450325,5.172114040908184
2147.450326,4.7528686140439405
2147.450327,5.444336851508467
2147.450328,5.418715180018728
2147.450329,5.013553109902289
2147.45033,5.263438275415418
2147.450331,5.643401332169971
2147.450332,5.434683953188675
2147.450333,5.154244036465368
2147.450334,5.347565856255791
2147.450335,4.870709267605493
2147.450336,5.322162670902757
2147.450337,4.754009428399209
2147.450338,5.189844630386157
2147.450339,4.64741345336509
2147.45034,4.779294970949159
2147.450341,4.234316477937609
2147.450342,4.669854585592717
2147.450343,3.8739492280280183
2147.450344,4.208242911155181
2147.450345,3.470135337541773
2147.450346,3.747720974562886
2147.450347,2.7981315386114414
2147.450348,3.1267739820671023
2147.450349,2.3878816321642695
2147.45035,2.4210807926486186
2147.450351,1.8141845920614887
2147.4503520000003,1.9240532442782843
2147.450353,1.2417346828851201
2147.450354,1.1695854191427282
2147.450355,0.5030041138303238
2147.4503560000003,0.7860559623261048
2147.450357,-0.17439577748365928
2147.450358,-0.03599462609194469
2147.450359,-0.7492039699900042
2147.4503600000003,-0.752296981271895
2147.450361,-1.5998925909752864
2147.450362,-1.3318927861254186
2147.450363,-1.9854294953517062
2147.4503640000003,-2.0012912882731153
2147.450365,-2.511688180505008
2147.450366,-2.3593098682931775
2147.450367,-3.2163849909110565
2147.4503680000003,-2.9845035843497554
2147.450369,-3.6053845389891794
2147.45037,-3.464701178558436
2147.450371,-4.00449186422564
2147.450372,-3.8348754628156865
2147.450373,-4.342276534756738
2147.450374,-4.137543239245669
2147.450375,-4.796151361316285
2147.450376,-4.370316910134855
2147.450377,-5.0310838526620385
2147.450378,-4.626619445875083
2147.450379,-4.9454080354605425
2147.45038,-4.904575448797043
2147.450381,-5.138301018925283
2147.450382,-5.19464321510438
2147.450383,-4.605869369019806
2147.450384,-4.932205973018198
2147.450385,-4.565012625698545
2147.450386,-4.974838715147503
2147.450387,-4.355547448409656
2147.450388,-4.609983837555417
2147.450389,-4.279561439052437
2147.45039,-4.460298692621751
2147.450391,-3.794287490837516
2147.450392,-3.9673783076438682
2147.450393,-3.445535604675541
2147.450394,-3.6826123490679175
2147.450395,-3.0137505198009165
2147.450396,-3.1791039994805286
2147.450397,-2.4400915877925002
2147.450398,-2.6444798245617798
2147.4503990000003,-1.805957775348687
